1 0.025 0.44583333333333336 0.04895833333333333 0.12685185185185185
1 0.06666666666666667 0.1449074074074074 0.13229166666666667 0.12314814814814816
1 0.24817708333333333 0.3143518518518519 0.09635416666666667 0.11018518518518519
1 0.24817708333333333 0.41064814814814815 0.0671875 0.09722222222222222
1 0.31927083333333334 0.4273148148148148 0.06354166666666666 0.10092592592592593
1 0.4005208333333333 0.47222222222222227 0.08020833333333333 0.11666666666666667
1 0.4731770833333333 0.07175925925925926 0.08802083333333333 0.1175925925925926
1 0.5875 0.038425925925925926 0.07708333333333334 0.075
1 0.7395833333333334 0.1398148148148148 0.08854166666666667 0.09074074074074075
1 0.8742187499999999 0.050462962962962966 0.13177083333333334 0.09907407407407408
1 0.8643229166666666 0.3148148148148148 0.12135416666666667 0.12407407407407407
1 0.63125 0.625 0.0875 0.10925925925925926
1 0.35494791666666664 0.9152777777777779 0.06927083333333334 0.10648148148148148
1 0.27734375 0.8643518518518519 0.08489583333333334 0.11018518518518519
3 0.15104166666666666 0.2865740740740741 0.12708333333333333 0.13796296296296298
3 0.24609375 0.044444444444444446 0.0796875 0.08333333333333334
3 0.39036458333333335 0.08287037037037037 0.0640625 0.10277777777777779
3 0.5471354166666667 0.3175925925925926 0.09010416666666667 0.11296296296296297
0 0.58125 0.9152777777777779 0.11354166666666667 0.11944444444444445
3 0.6875 0.9009259259259259 0.090625 0.12592592592592594
3 0.7966145833333333 0.6361111111111112 0.10052083333333334 0.1462962962962963
3 0.5177083333333333 0.49444444444444446 0.07291666666666667 0.1277777777777778
3 0.3893229166666667 0.6245370370370371 0.0828125 0.14351851851851852
3 0.14973958333333334 0.5115740740740741 0.08177083333333333 0.10648148148148148
3 0.053906249999999996 0.6421296296296296 0.08697916666666666 0.09907407407407408
3 0.209375 0.7407407407407408 0.11562499999999999 0.15
0 0.9278645833333333 0.5064814814814815 0.14427083333333332 0.20925925925925926
