1 0.6486979166666667 0.9837962962962963 0.07760416666666667 0.03425925925925926
1 0.6015625 0.9393518518518519 0.053125 0.08055555555555556
1 0.5684895833333333 0.900462962962963 0.050520833333333334 0.06018518518518519
1 0.15651041666666665 0.8032407407407408 0.1015625 0.10648148148148148
1 0.5901041666666667 0.7851851851851852 0.10208333333333333 0.12592592592592594
1 0.35390625 0.6666666666666667 0.0921875 0.11851851851851852
1 0.39739583333333334 0.5222222222222223 0.146875 0.24444444444444446
1 0.4549479166666667 0.12546296296296297 0.1640625 0.2490740740740741
3 0.42265625 0.29444444444444445 0.1328125 0.1925925925925926
3 0.24322916666666666 0.07731481481481482 0.12916666666666665 0.1527777777777778
3 0.1125 0.33472222222222225 0.159375 0.23055555555555557
