3 0.72734375 0.4527777777777778 0.0671875 0.11666666666666667
3 0.6716145833333333 0.3180555555555556 0.049479166666666664 0.10092592592592593
3 0.78984375 0.3912037037037037 0.0484375 0.05092592592592593
3 0.4895833333333333 0.9398148148148149 0.04791666666666666 0.09444444444444444
3 0.45208333333333334 0.5902777777777778 0.05416666666666667 0.0712962962962963
3 0.22473958333333333 0.6555555555555556 0.0765625 0.10185185185185186
1 0.68359375 0.3842592592592593 0.04010416666666666 0.05925925925925926
1 0.92578125 0.5949074074074074 0.1484375 0.13611111111111113
1 0.9658854166666666 0.36435185185185187 0.06822916666666666 0.11018518518518519
1 0.9260416666666667 0.26944444444444443 0.10625 0.08518518518518518
1 0.73203125 0.33055555555555555 0.0515625 0.061111111111111116
1 0.6552083333333333 0.4777777777777778 0.057291666666666664 0.08333333333333334
1 0.6200520833333333 0.6337962962962963 0.06302083333333333 0.08796296296296297
1 0.5783854166666667 0.7388888888888889 0.07447916666666667 0.1
1 0.46380208333333334 0.5111111111111112 0.07864583333333333 0.10185185185185186
1 0.17473958333333334 0.725 0.08177083333333333 0.11666666666666667
1 0.24921875 0.7421296296296297 0.11614583333333334 0.11388888888888889
