3 0.92578125 0.31574074074074077 0.03697916666666667 0.03888888888888889
1 0.8744791666666667 0.0962962962962963 0.01875 0.03518518518518519
1 0.8203125 0.09537037037037037 0.021875 0.031481481481481485
3 0.8010416666666667 0.125 0.025 0.05
3 0.8223958333333333 0.1962962962962963 0.019791666666666666 0.040740740740740744
1 0.8153645833333333 0.12453703703703704 0.019270833333333334 0.028703703703703703
1 0.8489583333333334 0.17777777777777778 0.020833333333333332 0.03888888888888889
1 0.9083333333333333 0.250462962962963 0.025 0.030555555555555558
1 0.8833333333333333 0.2555555555555556 0.02395833333333333 0.03333333333333333
1 0.8575520833333333 0.2652777777777778 0.015104166666666667 0.02314814814814815
1 0.8893229166666666 0.28425925925925927 0.022395833333333334 0.02777777777777778
1 0.8690104166666667 0.32962962962962966 0.021354166666666667 0.02777777777777778
1 0.8440104166666667 0.22268518518518518 0.01614583333333333 0.026851851851851852
1 0.81640625 0.25092592592592594 0.024479166666666666 0.03518518518518519
1 0.79453125 0.1712962962962963 0.0171875 0.03518518518518519
1 0.7677083333333333 0.10092592592592593 0.022916666666666665 0.044444444444444446
1 0.7330729166666666 0.04861111111111111 0.034895833333333334 0.04351851851851852
3 0.7479166666666667 0.016203703703703703 0.026041666666666668 0.028703703703703703
3 0.71484375 0.1787037037037037 0.0265625 0.053703703703703705
3 0.753125 0.22916666666666669 0.03333333333333333 0.06018518518518519
3 0.6747395833333333 0.2125 0.0171875 0.08055555555555556
1 0.7947916666666667 0.2189814814814815 0.040625 0.062037037037037036
1 0.9677083333333333 0.4013888888888889 0.029166666666666667 0.036111111111111115
3 0.9640624999999999 0.4361111111111111 0.02395833333333333 0.0462962962962963
3 0.9385416666666666 0.40046296296296297 0.026041666666666668 0.04537037037037037
1 0.80859375 0.3300925925925926 0.0453125 0.05092592592592593
3 0.78984375 0.4291666666666667 0.0359375 0.05092592592592593
1 0.7325520833333333 0.3226851851851852 0.03697916666666667 0.04166666666666667
3 0.9791666666666666 0.5287037037037037 0.030208333333333334 0.05740740740740741
1 0.6966145833333334 0.2125 0.034895833333333334 0.0638888888888889
1 0.6533854166666666 0.2967592592592593 0.04739583333333333 0.07685185185185185
3 0.6791666666666667 0.36064814814814816 0.022916666666666665 0.08425925925925926
3 0.6549479166666666 0.5199074074074074 0.0265625 0.05462962962962963
1 0.9734375 0.6125 0.05416666666666667 0.06018518518518519
1 0.9093749999999999 0.7199074074074074 0.05520833333333333 0.05277777777777778
3 0.8723958333333334 0.6958333333333334 0.05 0.05462962962962963
3 0.7575520833333333 0.6333333333333333 0.0328125 0.05740740740740741
3 0.7325520833333333 0.5662037037037038 0.04739583333333333 0.07685185185185185
3 0.7703125 0.5620370370370371 0.059375 0.08518518518518518
1 0.8190104166666666 0.5805555555555556 0.06927083333333334 0.08888888888888889
1 0.7013020833333333 0.5486111111111112 0.033854166666666664 0.0638888888888889
1 0.690625 0.5856481481481481 0.04479166666666667 0.09166666666666667
1 0.7145833333333333 0.6287037037037038 0.04895833333333333 0.08333333333333334
1 0.69765625 0.4777777777777778 0.033854166666666664 0.07407407407407407
1 0.7169270833333333 0.4412037037037037 0.0484375 0.062037037037037036
3 0.6369791666666667 0.6277777777777778 0.04895833333333333 0.07037037037037037
1 0.61875 0.43333333333333335 0.08229166666666667 0.1277777777777778
1 0.6184895833333334 0.5662037037037038 0.07760416666666667 0.13425925925925927
1 0.5697916666666667 0.6430555555555556 0.06979166666666667 0.12314814814814816
1 0.19244791666666666 0.22777777777777777 0.1578125 0.15555555555555556
3 0.3533854166666667 0.725925925925926 0.0859375 0.13148148148148148
3 0.20390624999999998 0.662962962962963 0.07239583333333333 0.08703703703703704
3 0.2794270833333333 0.44907407407407407 0.06614583333333333 0.08888888888888889
3 0.5674479166666666 0.30648148148148147 0.06822916666666666 0.11666666666666667
3 0.3104166666666667 0.9069444444444444 0.06666666666666667 0.08240740740740742
3 0.05260416666666667 0.3851851851851852 0.0625 0.061111111111111116
3 0.17421875 0.1212962962962963 0.09010416666666667 0.09814814814814815
3 0.3606770833333333 0.04814814814814815 0.09010416666666667 0.08333333333333334
3 0.43854166666666666 0.062037037037037036 0.078125 0.07592592592592592
3 0.5145833333333333 0.18981481481481483 0.04791666666666666 0.1
