1 0.23489583333333333 0.02962962962962963 0.09583333333333333 0.05740740740740741
1 0.5192708333333333 0.10370370370370371 0.08125 0.14074074074074075
1 0.74140625 0.6291666666666667 0.0921875 0.13796296296296298
1 0.6596354166666667 0.6189814814814815 0.08072916666666667 0.14907407407407408
1 0.615625 0.5208333333333334 0.08854166666666667 0.13055555555555556
1 0.5161458333333333 0.549537037037037 0.09583333333333333 0.1675925925925926
1 0.3442708333333333 0.4425925925925926 0.05625 0.10370370370370371
1 0.153125 0.40925925925925927 0.12604166666666666 0.1462962962962963
1 0.10989583333333333 0.8324074074074075 0.18958333333333333 0.17407407407407408
3 0.08307291666666666 0.11157407407407408 0.1390625 0.13796296296296298
3 0.08229166666666667 0.3111111111111111 0.16354166666666667 0.17037037037037037
3 0.25104166666666666 0.4990740740740741 0.11354166666666667 0.17037037037037037
3 0.4283854166666667 0.6648148148148149 0.057812499999999996 0.0962962962962963
3 0.46796875 0.3189814814814815 0.059895833333333336 0.09351851851851853
3 0.6231770833333333 0.17222222222222222 0.06822916666666666 0.08888888888888889
3 0.790625 0.19675925925925927 0.08333333333333333 0.07685185185185185
