2 0.39674479166666665 0.8810185185185185 0.10286458333333333 0.1685185185185185
1 0.8247395833333333 0.500462962962963 0.15052083333333333 0.22685185185185186
2 0.72578125 0.587962962962963 0.06875 0.07222222222222223
0 0.3235677083333333 0.1502314814814815 0.09140625 0.08750000000000001
0 0.18203125 0.14120370370370372 0.05572916666666666 0.05925925925925926
0 0.019140625 0.5518518518518519 0.032552083333333336 0.11574074074074074
0 0.025260416666666667 0.6800925925925926 0.04635416666666667 0.05
0 0.057812499999999996 0.6993055555555556 0.052083333333333336 0.0837962962962963
0 0.39166666666666666 0.25972222222222224 0.08854166666666667 0.08796296296296297
0 0.45546875 0.11111111111111112 0.0796875 0.06851851851851852
0 0.507421875 0.08287037037037037 0.08984375 0.08611111111111111
