2 0.710546875 0.2826388888888889 0.053385416666666664 0.055092592592592596
2 0.9270833333333334 0.36875 0.07864583333333333 0.1513888888888889
2 0.6990885416666667 0.5291666666666667 0.06901041666666667 0.0962962962962963
2 0.5721354166666667 0.795138888888889 0.0515625 0.07546296296296297
2 0.7579427083333333 0.875462962962963 0.09921875 0.1537037037037037
2 0.5315104166666667 0.6668981481481482 0.0515625 0.09861111111111112
2 0.338671875 0.7150462962962963 0.05182291666666666 0.11712962962962964
2 0.38580729166666666 0.49768518518518523 0.04765625 0.06759259259259259
2 0.36614583333333334 0.4104166666666667 0.03802083333333333 0.0587962962962963
2 0.35885416666666664 0.36967592592592596 0.040625 0.06157407407407408
2 0.27890625 0.5085648148148149 0.0484375 0.08009259259259259
2 0.17252604166666666 0.5412037037037037 0.05859375 0.07037037037037037
2 0.198046875 0.6215277777777778 0.07734375 0.10694444444444445
2 0.06315104166666667 0.4724537037037037 0.061718749999999996 0.07916666666666666
