1 0.15338541666666666 0.17500000000000002 0.0296875 0.05185185185185186
1 0.6575520833333334 0.5504629629629629 0.028645833333333332 0.049074074074074076
1 0.7583333333333333 0.7805555555555556 0.03333333333333333 0.05740740740740741
0 0.546875 0.7597222222222223 0.071875 0.1527777777777778
3 0.04869791666666667 0.875462962962963 0.09635416666666667 0.13240740740740742
0 0.17057291666666666 0.7069444444444445 0.11614583333333334 0.06574074074074074
1 0.5846354166666666 0.8046296296296297 0.049479166666666664 0.07407407407407407
1 0.6895833333333333 0.9699074074074074 0.04479166666666667 0.062037037037037036
1 0.9416666666666667 0.925 0.065625 0.08703703703703704
1 0.32135416666666666 0.5509259259259259 0.03958333333333333 0.07222222222222223
1 0.3859375 0.5240740740740741 0.05 0.07222222222222223
1 0.3364583333333333 0.6481481481481481 0.04375 0.061111111111111116
1 0.19661458333333334 0.3990740740740741 0.0421875 0.07222222222222223
3 0.05260416666666667 0.44722222222222224 0.065625 0.09074074074074075
1 0.16458333333333333 0.9425925925925926 0.057291666666666664 0.07777777777777778
