3 0.03402777777777778 0.7185185185185186 0.06527777777777778 0.2419753086419753
2 0.3826388888888889 0.7382716049382716 0.04583333333333334 0.05432098765432099
1 0.6881944444444444 0.20987654320987653 0.08472222222222223 0.09876543209876543
1 0.5673611111111111 0.07901234567901234 0.0625 0.10864197530864197
1 0.42708333333333337 0.46543209876543207 0.09305555555555556 0.15061728395061727
1 0.58125 0.8580246913580247 0.06805555555555556 0.1308641975308642
1 0.24930555555555556 0.5950617283950617 0.09305555555555556 0.12839506172839507
1 0.18125 0.44320987654320987 0.05694444444444444 0.09135802469135802
1 0.17500000000000002 0.23950617283950618 0.044444444444444446 0.08888888888888889
1 0.25833333333333336 0.3382716049382716 0.058333333333333334 0.07901234567901234
1 0.5923611111111111 0.6382716049382716 0.11805555555555557 0.19506172839506172
1 0.7604166666666667 0.7209876543209877 0.09027777777777778 0.16296296296296295
