0 0.5534722222222223 0.9580246913580247 0.06805555555555556 0.08888888888888889
1 0.5916666666666667 0.34074074074074073 0.0638888888888889 0.0691358024691358
1 0.35833333333333334 0.39753086419753086 0.03333333333333333 0.044444444444444446
1 0.3652777777777778 0.3308641975308642 0.03333333333333333 0.04938271604938271
1 0.27222222222222225 0.3382716049382716 0.044444444444444446 0.06419753086419754
1 0.725 0.5654320987654321 0.04166666666666667 0.08395061728395062
1 0.39375 0.8395061728395061 0.051388888888888894 0.07407407407407407
1 0.5868055555555556 0.7185185185185186 0.051388888888888894 0.14320987654320988
1 0.8680555555555556 0.9222222222222222 0.08611111111111111 0.10123456790123457
0 0.11111111111111112 0.9333333333333333 0.11111111111111112 0.1382716049382716
