3 0.25972222222222224 0.8246913580246913 0.1 0.16296296296296295
0 0.7215277777777778 0.7086419753086419 0.04583333333333334 0.15308641975308643
0 0.65625 0.8506172839506173 0.05416666666666667 0.17530864197530863
0 0.6034722222222223 0.9234567901234567 0.06805555555555556 0.1580246913580247
0 0.3229166666666667 0.2271604938271605 0.07916666666666666 0.08395061728395062
1 0.5340277777777778 0.7987654320987654 0.051388888888888894 0.10617283950617283
1 0.13680555555555557 0.4888888888888889 0.07083333333333333 0.09876543209876543
1 0.46597222222222223 0.30123456790123454 0.05416666666666667 0.0691358024691358
1 0.7402777777777778 0.3925925925925926 0.04722222222222222 0.05432098765432099
2 0.6798611111111111 0.7172839506172839 0.03194444444444445 0.07654320987654321
