3 0.19895833333333332 0.7006944444444445 0.06197916666666667 0.07731481481481482
1 0.7540364583333333 0.7620370370370371 0.07421875 0.13703703703703704
1 0.7059895833333333 0.4016203703703704 0.0421875 0.08472222222222223
1 0.6328125 0.29930555555555555 0.03333333333333333 0.05694444444444444
1 0.616015625 0.41087962962962965 0.03671875 0.0837962962962963
1 0.5673177083333333 0.5960648148148149 0.03619791666666666 0.06898148148148149
1 0.501953125 0.5342592592592593 0.03359375 0.06666666666666667
1 0.42330729166666664 0.18935185185185185 0.024739583333333332 0.032407407407407406
1 0.3763020833333333 0.19652777777777777 0.024479166666666666 0.030092592592592594
1 0.28984375 0.26435185185185184 0.022916666666666665 0.04259259259259259
1 0.512890625 0.3511574074074074 0.03203125 0.04120370370370371
1 0.11080729166666667 0.9449074074074074 0.10078125 0.10277777777777779
1 0.028385416666666666 0.7548611111111111 0.053125 0.10046296296296296
1 0.063671875 0.500925925925926 0.05182291666666666 0.06296296296296297
