1 0.402734375 0.5659722222222222 0.06692708333333333 0.16990740740740742
1 0.4772135416666667 0.25625000000000003 0.04973958333333333 0.10231481481481482
1 0.5010416666666666 0.12939814814814815 0.04739583333333333 0.06342592592592593
1 0.421875 0.1824074074074074 0.04895833333333333 0.08981481481481482
3 0.4889322916666667 0.4650462962962963 0.040364583333333336 0.059722222222222225
3 0.39348958333333334 0.9233796296296297 0.08229166666666667 0.15416666666666667
3 0.47617187499999997 0.7541666666666667 0.03203125 0.13796296296296298
0 0.7345052083333333 0.9027777777777778 0.08463541666666667 0.1953703703703704
0 0.8330729166666666 0.9189814814814815 0.042708333333333334 0.04259259259259259
0 0.6994791666666667 0.55 0.05520833333333333 0.07777777777777778
0 0.3833333333333333 0.29212962962962963 0.04635416666666667 0.05
0 0.2825520833333333 0.23958333333333334 0.0375 0.08842592592592594
