1 0.9404947916666666 0.5203703703703704 0.05546875 0.08611111111111111
1 0.32252604166666665 0.1488425925925926 0.05963541666666666 0.11157407407407408
1 0.3826822916666667 0.37986111111111115 0.07317708333333334 0.09490740740740741
1 0.22265625 0.5699074074074074 0.041666666666666664 0.06018518518518519
1 0.328515625 0.6962962962962963 0.04088541666666667 0.04537037037037037
1 0.6790364583333334 0.9645833333333333 0.039322916666666666 0.06157407407407408
1 0.53828125 0.9854166666666667 0.04791666666666666 0.030092592592592594
1 0.9764322916666667 0.7268518518518519 0.047135416666666666 0.09166666666666667
1 0.698046875 0.5104166666666667 0.05078125 0.0837962962962963
3 0.3390625 0.9333333333333333 0.04375 0.07407407407407407
