1 0.6944010416666666 0.18078703703703705 0.04505208333333333 0.0699074074074074
1 0.121875 0.5192129629629629 0.030208333333333334 0.06898148148148149
1 0.516796875 0.43726851851851856 0.04140625 0.07268518518518519
1 0.6106770833333334 0.49930555555555556 0.03229166666666666 0.04398148148148148
1 0.715625 0.5768518518518518 0.03802083333333333 0.061111111111111116
1 0.8520833333333333 0.381712962962963 0.03958333333333333 0.07361111111111111
1 0.8545572916666666 0.22777777777777777 0.03723958333333333 0.0638888888888889
1 0.9020833333333333 0.6643518518518519 0.0421875 0.06851851851851852
1 0.4477864583333333 0.13495370370370371 0.024739583333333332 0.04398148148148148
1 0.232421875 0.0900462962962963 0.023177083333333334 0.03657407407407408
3 0.9126302083333333 0.9502314814814815 0.05755208333333333 0.08287037037037037
3 0.9569010416666667 0.8662037037037037 0.026822916666666665 0.04259259259259259
