1 0.6135416666666667 0.08310185185185186 0.0265625 0.055092592592592596
1 0.8162760416666667 0.27037037037037037 0.026822916666666665 0.0462962962962963
1 0.765625 0.7569444444444444 0.0421875 0.06851851851851852
1 0.9506510416666667 0.6694444444444445 0.037760416666666664 0.0638888888888889
1 0.729296875 0.5636574074074074 0.02734375 0.05787037037037037
1 0.55234375 0.9296296296296297 0.033854166666666664 0.06851851851851852
1 0.46432291666666664 0.8814814814814815 0.033854166666666664 0.06481481481481481
1 0.7420572916666667 0.3303240740740741 0.028906249999999998 0.07175925925925926
1 0.49700520833333334 0.058333333333333334 0.03307291666666667 0.05
1 0.4901041666666667 0.1212962962962963 0.034375 0.0638888888888889
1 0.41757812499999997 0.16643518518518519 0.04296875 0.07361111111111111
1 0.32890625 0.22268518518518518 0.03177083333333333 0.06851851851851852
1 0.29192708333333334 0.1050925925925926 0.040625 0.0638888888888889
1 0.2265625 0.1863425925925926 0.0421875 0.0763888888888889
1 0.126171875 0.44560185185185186 0.04140625 0.0763888888888889
1 0.13958333333333334 0.6104166666666667 0.04010416666666666 0.06898148148148149
