3 0.7528645833333333 0.40601851851851856 0.052083333333333336 0.09537037037037037
3 0.6296875 0.06898148148148149 0.04791666666666666 0.0712962962962963
3 0.5684895833333333 0.07569444444444445 0.050520833333333334 0.0699074074074074
3 0.4080729166666667 0.08819444444444445 0.04635416666666667 0.05787037037037037
1 0.953515625 0.061342592592592594 0.04088541666666667 0.07175925925925926
1 0.7877604166666666 0.28958333333333336 0.03854166666666667 0.09490740740740741
1 0.9503906249999999 0.5335648148148149 0.07109375 0.09027777777777778
1 0.5984375 0.7662037037037037 0.059895833333333336 0.125
1 0.187890625 0.13125 0.04921875 0.0763888888888889
1 0.12239583333333333 0.3666666666666667 0.06770833333333333 0.0962962962962963
