1 0.983984375 0.36550925925925926 0.032552083333333336 0.06064814814814815
1 0.9486979166666667 0.4375 0.026041666666666668 0.05
1 0.8683593749999999 0.5097222222222222 0.020572916666666666 0.04351851851851852
1 0.9717447916666666 0.9395833333333333 0.05703125 0.12175925925925926
1 0.9890625 0.8583333333333334 0.022395833333333334 0.075
1 0.8220052083333333 0.7631944444444445 0.039322916666666666 0.06435185185185185
1 0.8959635416666667 0.8333333333333334 0.04973958333333333 0.0787037037037037
1 0.515625 0.862962962962963 0.03125 0.05092592592592593
1 0.504296875 0.8238425925925926 0.02786458333333333 0.04490740740740741
1 0.4203125 0.9231481481481482 0.03125 0.05925925925925926
