3 0.46315104166666665 0.5997685185185185 0.039322916666666666 0.09305555555555556
1 0.26536458333333335 0.9337962962962963 0.041666666666666664 0.0638888888888889
1 0.714453125 0.10208333333333333 0.02734375 0.04953703703703704
1 0.5677083333333334 0.2569444444444445 0.02395833333333333 0.04722222222222222
1 0.5884114583333333 0.2881944444444445 0.021614583333333333 0.04120370370370371
1 0.6388020833333333 0.19421296296296298 0.027083333333333334 0.05416666666666667
1 0.7770833333333333 0.14074074074074075 0.03802083333333333 0.03981481481481482
1 0.7515625 0.2710648148148148 0.0484375 0.06064814814814815
1 0.8019531249999999 0.6131944444444445 0.10286458333333333 0.16342592592592592
1 0.5959635416666667 0.650462962962963 0.10911458333333333 0.18055555555555555
1 0.6770833333333334 0.47870370370370374 0.08854166666666667 0.1388888888888889
1 0.5010416666666666 0.5210648148148148 0.044270833333333336 0.0837962962962963
