1 0.304296875 0.732638888888889 0.045572916666666664 0.08750000000000001
3 0.05520833333333333 0.7368055555555556 0.10781249999999999 0.07916666666666666
3 0.76171875 0.7087962962962964 0.0640625 0.08518518518518518
3 0.8623697916666666 0.5944444444444444 0.05703125 0.0462962962962963
3 0.726953125 0.5761574074074074 0.04921875 0.04027777777777778
1 0.7286458333333333 0.4002314814814815 0.05416666666666667 0.09398148148148149
1 0.2602864583333333 0.18449074074074076 0.03515625 0.0699074074074074
1 0.23072916666666665 0.05555555555555556 0.04375 0.075
1 0.12486979166666666 0.04212962962962963 0.05130208333333333 0.075
1 0.14309895833333333 0.7587962962962963 0.07369791666666667 0.075
