3 0.85 0.8069444444444445 0.07239583333333333 0.08981481481481482
1 0.8332031249999999 0.9537037037037037 0.07057291666666667 0.09351851851851853
1 0.39283854166666665 0.7763888888888889 0.038802083333333334 0.07592592592592592
1 0.48151041666666666 0.7532407407407408 0.03229166666666666 0.058333333333333334
1 0.5626302083333333 0.6854166666666667 0.03984375 0.06527777777777778
1 0.6983072916666666 0.5305555555555556 0.03046875 0.06296296296296297
1 0.61953125 0.44097222222222227 0.034895833333333334 0.0587962962962963
1 0.6776041666666667 0.3479166666666667 0.0328125 0.06064814814814815
1 0.7225260416666667 0.31342592592592594 0.031510416666666666 0.05648148148148149
1 0.5723958333333333 0.13194444444444445 0.020833333333333332 0.04537037037037037
1 0.5484375 0.1787037037037037 0.021354166666666667 0.03796296296296296
1 0.46328125 0.23657407407407408 0.021354166666666667 0.037037037037037035
1 0.4421875 0.269212962962963 0.025520833333333333 0.03657407407407408
1 0.48802083333333335 0.24583333333333335 0.025 0.03333333333333333
1 0.37890625 0.38703703703703707 0.025520833333333333 0.037037037037037035
1 0.385546875 0.4326388888888889 0.022135416666666668 0.04212962962962963
