2 0.6391927083333333 0.7055555555555556 0.028906249999999998 0.061111111111111116
3 0.3247395833333333 0.7081018518518519 0.034375 0.0587962962962963
3 0.6213541666666667 0.9275462962962964 0.036458333333333336 0.07268518518518519
3 0.279296875 0.3263888888888889 0.04505208333333333 0.0462962962962963
1 0.353125 0.712962962962963 0.03229166666666666 0.053703703703703705
1 0.2908854166666667 0.7006944444444445 0.04583333333333333 0.0587962962962963
1 0.6044270833333333 0.5636574074074074 0.03958333333333333 0.05787037037037037
1 0.5029947916666666 0.4449074074074074 0.030989583333333334 0.05740740740740741
1 0.38033854166666664 0.5173611111111112 0.03723958333333333 0.05787037037037037
1 0.331640625 0.53125 0.028906249999999998 0.047685185185185185
1 0.27369791666666665 0.5460648148148148 0.03802083333333333 0.0625
1 0.292578125 0.49236111111111114 0.03515625 0.047685185185185185
1 0.16236979166666665 0.5342592592592593 0.03515625 0.05648148148148149
1 0.45794270833333334 0.06365740740740741 0.030989583333333334 0.0587962962962963
