1 0.3247395833333333 0.7486111111111111 0.04739583333333333 0.0638888888888889
3 0.6967447916666667 0.6131944444444445 0.06901041666666667 0.07361111111111111
1 0.8567708333333334 0.8335648148148148 0.09166666666666666 0.15972222222222224
1 0.7859375 0.8523148148148149 0.07552083333333333 0.1287037037037037
1 0.6919270833333333 0.7530092592592593 0.06875 0.08935185185185185
1 0.17942708333333332 0.7340277777777778 0.051041666666666666 0.08472222222222223
1 0.390234375 0.5738425925925926 0.04192708333333333 0.08009259259259259
1 0.54609375 0.21041666666666667 0.0390625 0.07268518518518519
1 0.5048177083333333 0.23495370370370372 0.03984375 0.07453703703703704
1 0.5411458333333333 0.3738425925925926 0.046875 0.08657407407407408
1 0.44882812499999997 0.3252314814814815 0.040364583333333336 0.07175925925925926
1 0.38111979166666665 0.0699074074074074 0.02734375 0.04351851851851852
1 0.35846354166666666 0.10601851851851853 0.02734375 0.04537037037037037
1 0.2602864583333333 0.1641203703703704 0.026822916666666665 0.03657407407407408
1 0.23111979166666666 0.19375 0.02786458333333333 0.04212962962962963
1 0.15403645833333332 0.3164351851851852 0.031510416666666666 0.052314814814814814
1 0.16184895833333332 0.36574074074074076 0.03411458333333333 0.05092592592592593
1 0.052994791666666666 0.5201388888888889 0.03411458333333333 0.05416666666666667
