1 0.11653645833333333 0.02013888888888889 0.03723958333333333 0.03935185185185185
1 0.09518229166666667 0.058101851851851856 0.02734375 0.04583333333333334
1 0.7916666666666666 0.11527777777777778 0.03854166666666667 0.058333333333333334
1 0.7510416666666666 0.18333333333333335 0.04010416666666666 0.0638888888888889
1 0.8184895833333333 0.3819444444444445 0.0359375 0.0638888888888889
1 0.7158854166666666 0.26296296296296295 0.04010416666666666 0.07037037037037037
1 0.695703125 0.1900462962962963 0.03411458333333333 0.05416666666666667
1 0.61796875 0.3576388888888889 0.035416666666666666 0.0625
3 0.5915364583333333 0.027083333333333334 0.048177083333333336 0.05324074074074074
3 0.8526041666666666 0.3416666666666667 0.046875 0.07592592592592592
1 0.470703125 0.5988425925925926 0.04140625 0.05787037037037037
1 0.847265625 0.7842592592592593 0.04401041666666666 0.075
1 0.49179687499999997 0.7518518518518519 0.04296875 0.07222222222222223
1 0.291015625 0.7027777777777778 0.05078125 0.07592592592592592
1 0.19401041666666666 0.59375 0.04739583333333333 0.06805555555555556
