1 0.16966145833333332 0.5506944444444445 0.026822916666666665 0.050462962962962966
1 0.6368489583333333 0.2657407407407408 0.04505208333333333 0.07777777777777778
1 0.6180989583333333 0.42615740740740743 0.05963541666666666 0.10694444444444445
1 0.5298177083333333 0.6201388888888889 0.05859375 0.09861111111111112
1 0.5282552083333333 0.37083333333333335 0.05755208333333333 0.08888888888888889
1 0.41901041666666666 0.30185185185185187 0.051041666666666666 0.08333333333333334
1 0.3970052083333333 0.3592592592592593 0.04869791666666667 0.075
1 0.349609375 0.3474537037037037 0.04609375 0.08750000000000001
1 0.2798177083333333 0.37777777777777777 0.04505208333333333 0.06851851851851852
1 0.08020833333333333 0.6752314814814815 0.030208333333333334 0.04398148148148148
3 0.45989583333333334 0.7136574074074075 0.0171875 0.028240740740740743
