1 0.6604166666666667 0.4743055555555556 0.03229166666666666 0.051388888888888894
1 0.808984375 0.24050925925925926 0.03515625 0.0625
1 0.46432291666666664 0.5467592592592593 0.034375 0.0638888888888889
1 0.5265625 0.28055555555555556 0.028125 0.05
1 0.5161458333333333 0.3877314814814815 0.033854166666666664 0.06898148148148149
1 0.4552083333333333 0.36597222222222225 0.030208333333333334 0.0625
1 0.07916666666666666 0.5680555555555555 0.027604166666666666 0.053703703703703705
1 0.22890625 0.37962962962962965 0.03802083333333333 0.06018518518518519
1 0.30377604166666666 0.35833333333333334 0.040364583333333336 0.06481481481481481
1 0.3653645833333333 0.30833333333333335 0.03958333333333333 0.06018518518518519
1 0.4395833333333333 0.07777777777777778 0.0359375 0.06759259259259259
