3 0.8459635416666667 0.32037037037037036 0.03515625 0.08518518518518518
3 0.9132812499999999 0.9516203703703704 0.09166666666666666 0.0976851851851852
3 0.7075520833333333 0.3175925925925926 0.043229166666666666 0.05648148148148149
1 0.3690104166666667 0.2523148148148148 0.025 0.05092592592592593
1 0.30364583333333334 0.33055555555555555 0.0359375 0.05648148148148149
1 0.8722656249999999 0.31226851851851856 0.026822916666666665 0.051388888888888894
1 0.9158854166666667 0.19189814814814815 0.0328125 0.046759259259259264
1 0.85703125 0.16712962962962963 0.03177083333333333 0.05185185185185186
1 0.49609375 0.437962962962963 0.05520833333333333 0.09074074074074075
1 0.3203125 0.6386574074074074 0.05520833333333333 0.10601851851851853
1 0.3977864583333333 0.7516203703703704 0.03619791666666666 0.07453703703703704
1 0.8631510416666667 0.7453703703703703 0.09140625 0.13703703703703704
