1 0.3458333333333333 0.35185185185185186 0.065625 0.07777777777777778
1 0.9361979166666666 0.7106481481481481 0.12447916666666667 0.125
1 0.83359375 0.5972222222222222 0.11614583333333334 0.12407407407407407
1 0.796875 0.4851851851851852 0.09583333333333333 0.12592592592592594
1 0.6299479166666666 0.7902777777777779 0.059895833333333336 0.11388888888888889
1 0.52265625 0.5976851851851852 0.05364583333333333 0.11388888888888889
1 0.584375 0.487962962962963 0.08125 0.1277777777777778
1 0.6028645833333334 0.6074074074074074 0.0921875 0.13518518518518519
1 0.33958333333333335 0.7740740740740741 0.090625 0.13518518518518519
1 0.30026041666666664 0.4476851851851852 0.04010416666666666 0.0638888888888889
1 0.53671875 0.05277777777777778 0.0609375 0.09814814814814815
3 0.3458333333333333 0.41111111111111115 0.059375 0.06296296296296297
3 0.029166666666666667 0.3875 0.057291666666666664 0.0638888888888889
3 0.3026041666666667 0.05787037037037037 0.06979166666666667 0.06574074074074074
3 0.09036458333333333 0.32037037037037036 0.0953125 0.07222222222222223
3 0.8903645833333333 0.23240740740740742 0.09010416666666667 0.061111111111111116
3 0.7328125 0.48935185185185187 0.06666666666666667 0.09351851851851853
3 0.7434895833333334 0.275 0.0546875 0.07037037037037037
3 0.6604166666666667 0.12592592592592594 0.06145833333333333 0.07962962962962963
3 0.59296875 0.36388888888888893 0.05364583333333333 0.06851851851851852
3 0.4830729166666667 0.3527777777777778 0.05364583333333333 0.07407407407407407
3 0.4908854166666667 0.5592592592592592 0.0703125 0.11666666666666667
3 0.42994791666666665 0.6532407407407408 0.08802083333333333 0.1398148148148148
3 0.43359375 0.48888888888888893 0.058854166666666666 0.10925925925925926
3 0.3723958333333333 0.5287037037037037 0.065625 0.11481481481481481
3 0.31484375 0.6972222222222223 0.059895833333333336 0.08333333333333334
3 0.35885416666666664 0.8560185185185185 0.096875 0.13425925925925927
